chord,altchord,measure,beat,totbeat,timesig,op,no,mov,length,global_key,local_key,pedal,numeral,form,figbass,changes,relativeroot,phraseend
.c.i,,1,1.0,1.0,3/4,18,4,3,1.0,c,i,,i,,,,,false
i,,2,1.0,2.0,3/4,18,4,3,2.0,c,i,,i,,,,,false
III.V,,2,3.0,4.0,3/4,18,4,3,1.0,c,III,,V,,,,,false
I,,3,1.0,5.0,3/4,18,4,3,2.0,c,III,,I,,,,,false
IV6,,3,3.0,7.0,3/4,18,4,3,1.0,c,III,,IV,,6,,,false
I6,,4,1.0,8.0,3/4,18,4,3,2.0,c,III,,I,,6,,,false
#viio65/V,,4,3.0,10.0,3/4,18,4,3,1.0,c,III,,#vii,o,65,,V,false
#viio7/V,,5,1.0,11.0,3/4,18,4,3,1.0,c,III,,#vii,o,7,,V,false
V\\,,5,2.0,12.0,3/4,18,4,3,1.0,c,III,,V,,,,,true
i.iv,,5,3.0,13.0,3/4,18,4,3,3.0,c,i,,iv,,,,,false
#viio6/iv,,6,3.0,16.0,3/4,18,4,3,1.0,c,i,,#vii,o,6,,iv,false
iv6,,7,1.0,17.0,3/4,18,4,3,2.0,c,i,,iv,,6,,,false
ii%65,,7,3.0,19.0,3/4,18,4,3,1.0,c,i,,ii,%,65,,,false
V(964),,8,1.0,20.0,3/4,18,4,3,1.0,c,i,,V,,,964,,false
V(64),,8,2.0,21.0,3/4,18,4,3,1.0,c,i,,V,,,64,,false
V7,,8,3.0,22.0,3/4,18,4,3,1.0,c,i,,V,,7,,,false
i\\,,9,1.0,23.0,3/4,18,4,3,3.0,c,i,,i,,,,,true
iv.V,,10,1.0,26.0,3/4,18,4,3,3.0,c,iv,,V,,,,,false
V[V,,11,1.0,29.0,3/4,18,4,3,9.0,c,iv,V,V,,,,,false
#viio43],,14,1.0,38.0,3/4,18,4,3,3.0,c,iv,V,#vii,o,43,,,false
i,,15,1.0,41.0,3/4,18,4,3,2.0,c,iv,,i,,,,,false
V7,,15,3.0,43.0,3/4,18,4,3,1.0,c,iv,,V,,7,,,false
i,,16,1.0,44.0,3/4,18,4,3,2.0,c,iv,,i,,,,,false
V7,,16,3.0,46.0,3/4,18,4,3,1.0,c,iv,,V,,7,,,false
i,,17,1.0,47.0,3/4,18,4,3,2.0,c,iv,,i,,,,,false
V7,,17,3.0,49.0,3/4,18,4,3,1.0,c,iv,,V,,7,,,false
i\\,,18,1.0,50.0,3/4,18,4,3,2.0,c,iv,,i,,,,,true
.bII.I,,18,3.0,52.0,3/4,18,4,3,1.0,c,bII,,I,,,,,false
.bII[I,,19,1.0,53.0,3/4,18,4,3,12.0,c,bII,bII,I,,,,,false
I[I,,23,1.0,65.0,3/4,18,4,3,2.0,c,bII,I,I,,,,,false
V7,,23,3.0,67.0,3/4,18,4,3,1.0,c,bII,I,V,,7,,,false
I,,24,1.0,68.0,3/4,18,4,3,2.0,c,bII,I,I,,,,,false
V7,,24,3.0,70.0,3/4,18,4,3,1.0,c,bII,I,V,,7,,,false
I,,25,1.0,71.0,3/4,18,4,3,2.0,c,bII,I,I,,,,,false
V7],,25,3.0,73.0,3/4,18,4,3,1.0,c,bII,I,V,,7,,,false
iv.bVI,,26,1.0,74.0,3/4,18,4,3,-2.0,c,iv,,bVI,,,,,false
i64,,26,-1.0,72.0,3/4,18,4,3,1.0,c,iv,,i,,64,,,false
#viio/V,,26,0.0,73.0,3/4,18,4,3,4.0,c,iv,,#vii,o,,,V,false
V(94),,27,1.0,77.0,3/4,18,4,3,-1.0,c,iv,,V,,,94,,false
V2(4),,27,0.0,76.0,3/4,18,4,3,4.0,c,iv,,V,,2,4,,false
i.VI,,28,1.0,80.0,3/4,18,4,3,-2.0,c,i,,VI,,,,,false
i64,,28,-1.0,78.0,3/4,18,4,3,1.0,c,i,,i,,64,,,false
#viio7/V,,28,0.0,79.0,3/4,18,4,3,4.0,c,i,,#vii,o,7,,V,false
V(4),,29,1.0,83.0,3/4,18,4,3,-2.0,c,i,,V,,,4,,false
V[V,,29,-1.0,81.0,3/4,18,4,3,1.0,c,i,V,V,,,,,false
#viio43,,29,0.0,82.0,3/4,18,4,3,4.0,c,i,V,#vii,o,43,,,false
i6(6),,30,1.0,86.0,3/4,18,4,3,1.0,c,i,V,i,,6,6,,false
i6,,30,2.0,87.0,3/4,18,4,3,1.0,c,i,V,i,,6,,,false
#viio43/V,,30,3.0,88.0,3/4,18,4,3,1.0,c,i,V,#vii,o,43,,V,false
V6(6),,31,1.0,89.0,3/4,18,4,3,1.0,c,i,V,V,,6,6,,false
V6,,31,2.0,90.0,3/4,18,4,3,1.0,c,i,V,V,,6,,,false
#viio43,,31,3.0,91.0,3/4,18,4,3,1.0,c,i,V,#vii,o,43,,,false
i6(6),,32,1.0,92.0,3/4,18,4,3,1.0,c,i,V,i,,6,6,,false
i6,,32,2.0,93.0,3/4,18,4,3,1.0,c,i,V,i,,6,,,false
#viio7/V,,32,3.0,94.0,3/4,18,4,3,1.0,c,i,V,#vii,o,7,,V,false
V(64),,33,1.0,95.0,3/4,18,4,3,1.0,c,i,V,V,,,64,,false
V,,33,2.0,96.0,3/4,18,4,3,1.0,c,i,V,V,,,,,false
#viio7/V,,33,3.0,97.0,3/4,18,4,3,1.0,c,i,V,#vii,o,7,,V,false
V(64),,34,1.0,98.0,3/4,18,4,3,1.0,c,i,V,V,,,64,,false
V]\\,,34,2.0,99.0,3/4,18,4,3,1.0,c,i,V,V,,,,,true
i,,34,3.0,100.0,3/4,18,4,3,1.0,c,i,,i,,,,,false
i,,35,1.0,101.0,3/4,18,4,3,2.0,c,i,,i,,,,,false
III.V,,35,3.0,103.0,3/4,18,4,3,1.0,c,III,,V,,,,,false
I,,36,1.0,104.0,3/4,18,4,3,2.0,c,III,,I,,,,,false
IV6,,36,3.0,106.0,3/4,18,4,3,1.0,c,III,,IV,,6,,,false
I6,,37,1.0,107.0,3/4,18,4,3,2.0,c,III,,I,,6,,,false
#viio65/V,,37,3.0,109.0,3/4,18,4,3,1.0,c,III,,#vii,o,65,,V,false
#viio7/V,,38,1.0,110.0,3/4,18,4,3,1.0,c,III,,#vii,o,7,,V,false
V,,38,2.0,111.0,3/4,18,4,3,1.0,c,III,,V,,,,,false
iv.#viio7,,38,3.0,112.0,3/4,18,4,3,1.0,c,iv,,#vii,o,7,,,false
V65,,39,1.0,113.0,3/4,18,4,3,-2.0,c,iv,,V,,65,,,false
I,,39,-1.0,111.0,3/4,18,4,3,1.0,c,iv,,I,,,,,false
.bVI,,39,0.0,112.0,3/4,18,4,3,4.0,c,iv,,bVI,,,,,false
#viio7/V,,40,1.0,116.0,3/4,18,4,3,1.0,c,iv,,#vii,o,7,,V,false
V,,40,2.0,117.0,3/4,18,4,3,1.0,c,iv,,V,,,,,false
i.Ger6,,40,3.0,118.0,3/4,18,4,3,1.0,c,i,,Ger,,6,,,false
V65/V,,41,1.0,119.0,3/4,18,4,3,-2.0,c,i,,V,,65,,V,false
V,,41,-1.0,117.0,3/4,18,4,3,1.0,c,i,,V,,,,,false
#viio43,,41,0.0,118.0,3/4,18,4,3,4.0,c,i,,#vii,o,43,,,false
#viio65,,42,1.0,122.0,3/4,18,4,3,1.0,c,i,,#vii,o,65,,,false
i6,,42,2.0,123.0,3/4,18,4,3,1.0,c,i,,i,,6,,,false
#viio65/V,,42,3.0,124.0,3/4,18,4,3,1.0,c,i,,#vii,o,65,,V,false
#viio7,,43,1.0,125.0,3/4,18,4,3,1.0,c,i,,#vii,o,7,,,false
I,,43,2.0,126.0,3/4,18,4,3,1.0,c,i,,I,,,,,false
.Ger6,,43,3.0,127.0,3/4,18,4,3,1.0,c,i,,Ger,,6,,,false
#viio7/V,,44,1.0,128.0,3/4,18,4,3,1.0,c,i,,#vii,o,7,,V,false
V(64),,44,2.0,129.0,3/4,18,4,3,1.0,c,i,,V,,,64,,false
V7,,44,3.0,130.0,3/4,18,4,3,1.0,c,i,,V,,7,,,false
i\\,,45,1.0,131.0,3/4,18,4,3,1.0,c,i,,i,,,,,true
V[i64,,45,2.0,132.0,3/4,18,4,3,0.0,c,i,V,i,,64,,,false
V,,46,-1.0,132.0,3/4,18,4,3,1.0,c,i,V,V,,,,,false
V6],,46,0.0,133.0,3/4,18,4,3,4.0,c,i,V,V,,6,,,false
i,,47,1.0,137.0,3/4,18,4,3,1.0,c,i,,i,,,,,false
V,,47,2.0,138.0,3/4,18,4,3,2.0,c,i,,V,,,,,false
i,,48,1.0,140.0,3/4,18,4,3,1.0,c,i,,i,,,,,false
V,,48,2.0,141.0,3/4,18,4,3,1.0,c,i,,V,,,,,false
V9,,49,0.0,142.0,3/4,18,4,3,4.0,c,i,,V,,9,,,false
V7(9),,50,1.0,146.0,3/4,18,4,3,-2.0,c,i,,V,,7,9,,false
V(64),,50,-1.0,144.0,3/4,18,4,3,5.0,c,i,,V,,,64,,false
V7(9),,51,1.0,149.0,3/4,18,4,3,1.5,c,i,,V,,7,9,,false
V7,,51,2.5,150.5,3/4,18,4,3,1.5,c,i,,V,,7,,,false
i\\,,52,1.0,152.0,3/4,18,4,3,3.0,c,i,,i,,,,,true
i,,53,1.0,155.0,3/4,18,4,3,3.0,c,i,,i,,,,,false
VI.I,,54,1.0,158.0,3/4,18,4,3,7.0,c,VI,,I,,,,,false
I64,,56,1.9999999999999998,165.0,3/4,18,4,3,4.0,c,VI,,I,,64,,,false
I,,57,3.0,169.0,3/4,18,4,3,1.0,c,VI,,I,,,,,false
V65,,58,1.0,170.0,3/4,18,4,3,7.0,c,VI,,V,,65,,,false
V7,,60,1.9999999999999998,177.0,3/4,18,4,3,4.0,c,VI,,V,,7,,,false
viio,,61,3.0,181.0,3/4,18,4,3,1.0,c,VI,,vii,o,,,,false
I,,62,1.0,182.0,3/4,18,4,3,6.0,c,VI,,I,,,,,false
V.#viio6,,64,1.0,188.0,3/4,18,4,3,3.0,c,V,,#vii,o,6,,,false
V2,,65,1.0,191.0,3/4,18,4,3,3.0,c,V,,V,,2,,,false
V65,,66,1.0,194.0,3/4,18,4,3,6.0,c,V,,V,,65,,,false
V6,,68,1.0,200.0,3/4,18,4,3,5.0,c,V,,V,,6,,,false
V2,,69,3.0,205.0,3/4,18,4,3,1.0,c,V,,V,,2,,,false
I6,,70,1.0,206.0,3/4,18,4,3,3.0,c,V,,I,,6,,,false
IV,,71,1.0,209.0,3/4,18,4,3,2.0,c,V,,IV,,,,,false
ii6,,71,3.0,211.0,3/4,18,4,3,1.0,c,V,,ii,,6,,,false
V(64),,72,1.0,212.0,3/4,18,4,3,2.0,c,V,,V,,,64,,false
V7(6),,72,3.0,214.0,3/4,18,4,3,2.5,c,V,,V,,7,6,,false
V7,,72,5.5,216.5,3/4,18,4,3,-1.5,c,V,,V,,7,,,false
I\\,,73,1.0,215.0,3/4,18,4,3,3.0,c,V,,I,,,,,true
I,,74,1.0,218.0,3/4,18,4,3,7.0,c,V,,I,,,,,false
I64,,76,1.9999999999999998,225.0,3/4,18,4,3,4.0,c,V,,I,,64,,,false
V,,77,3.0,229.0,3/4,18,4,3,1.0,c,V,,V,,,,,false
V65,,78,1.0,230.0,3/4,18,4,3,6.0,c,V,,V,,65,,,false
V65,,80,1.0,236.0,3/4,18,4,3,1.0,c,V,,V,,65,,,false
V7,,80,1.9999999999999998,237.0,3/4,18,4,3,4.0,c,V,,V,,7,,,false
V65,,81,3.0,241.0,3/4,18,4,3,1.0,c,V,,V,,65,,,false
I.V2,,82,1.0,242.0,3/4,18,4,3,6.0,c,I,,V,,2,,,false
I6,,84,1.0,248.0,3/4,18,4,3,6.0,c,I,,I,,6,,,false
V65,,86,1.0,254.0,3/4,18,4,3,17.0,c,I,,V,,65,,,false
V2(4),,91,3.0,271.0,3/4,18,4,3,0.5,c,I,,V,,2,4,,false
V2,,91,3.5,271.5,3/4,18,4,3,0.5,c,I,,V,,2,,,false
I6,,92,1.0,272.0,3/4,18,4,3,3.0,c,I,,I,,6,,,false
IV,,93,1.0,275.0,3/4,18,4,3,2.0,c,I,,IV,,,,,false
ii6,,93,3.0,277.0,3/4,18,4,3,1.0,c,I,,ii,,6,,,false
V(64),,94,1.0,278.0,3/4,18,4,3,2.0,c,I,,V,,,64,,false
V7(6),,94,3.0,280.0,3/4,18,4,3,2.5,c,I,,V,,7,6,,false
V7,,94,5.5,282.5,3/4,18,4,3,-1.5,c,I,,V,,7,,,false
I\\,,95,1.0,281.0,3/4,18,4,3,3.0,c,I,,I,,,,,true
iii.III64,,96,1.0,284.0,3/4,18,4,3,2.0,c,iii,,III,,64,,,false
#viio7(6)/iv,,96,3.0,286.0,3/4,18,4,3,2.5,c,iii,,#vii,o,7,6,iv,false
#viio7/iv,,96,5.5,288.5,3/4,18,4,3,-1.5,c,iii,,#vii,o,7,,iv,false
iv,,97,1.0,287.0,3/4,18,4,3,3.0,c,iii,,iv,,,,,false
iio6,,98,1.0,290.0,3/4,18,4,3,3.0,c,iii,,ii,o,6,,,false
#viio7/V,,99,1.0,293.0,3/4,18,4,3,3.0,c,iii,,#vii,o,7,,V,false
V\\,,100,1.0,296.0,3/4,18,4,3,3.0,c,iii,,V,,,,,true
