chord,altchord,measure,beat,totbeat,timesig,op,no,mov,length,global_key,local_key,pedal,numeral,form,figbass,changes,relativeroot,phraseend
.D.I,,1,0.5,0.5,2/4,18,5,3,1.0,D,I,,I,,,,,false
I,,2,1.0,1.5,2/4,18,5,3,2.0,D,I,,I,,,,,false
V,,3,1.0,3.5,2/4,18,5,3,4.0,D,I,,V,,,,,false
I,,5,1.0,7.5,2/4,18,5,3,4.0,D,I,,I,,,,,false
V,,7,1.0,11.5,2/4,18,5,3,2.0,D,I,,V,,,,,false
V.V(64),,8,1.0,13.5,2/4,18,5,3,1.0,D,V,,V,,,64,,false
V7,,8,2.0,14.5,2/4,18,5,3,1.0,D,V,,V,,7,,,false
I(742),,9,1.0,15.5,2/4,18,5,3,1.0,D,V,,I,,,742,,false
I\\,,9,2.0,16.5,2/4,18,5,3,3.0,D,V,,I,,,,,true
I.I,,11,1.0,19.5,2/4,18,5,3,-1.0,D,I,,I,,,,,false
IV,,11,0.0,18.5,2/4,18,5,3,2.0,D,I,,IV,,,,,false
I,,12,0.0,20.5,2/4,18,5,3,4.5,D,I,,I,,,,,false
V2/IV,,13,2.5,25.0,2/4,18,5,3,0.5,D,I,,V,,2,,IV,false
IV6,,14,1.0,25.5,2/4,18,5,3,0.5,D,I,,IV,,6,,,false
IV,,14,1.5,26.0,2/4,18,5,3,0.5,D,I,,IV,,,,,false
I\\,,14,2.0,26.5,2/4,18,5,3,1.0,D,I,,I,,,,,true
I,,15,1.0,27.5,2/4,18,5,3,2.0,D,I,,I,,,,,false
V,,16,1.0,29.5,2/4,18,5,3,2.0,D,I,,V,,,,,false
V,,17,1.0,31.5,2/4,18,5,3,1.5,D,I,,V,,,,,false
V7,,17,2.5,33.0,2/4,18,5,3,0.5,D,I,,V,,7,,,false
I(742),,18,1.0,33.5,2/4,18,5,3,1.0,D,I,,I,,,742,,false
I\\,,18,2.0,34.5,2/4,18,5,3,3.0,D,I,,I,,,,,true
I6,,20,1.0,37.5,2/4,18,5,3,2.0,D,I,,I,,6,,,false
V6,,21,1.0,39.5,2/4,18,5,3,2.0,D,I,,V,,6,,,false
V7,,22,1.0,41.5,2/4,18,5,3,2.0,D,I,,V,,7,,,false
I,,23,1.0,43.5,2/4,18,5,3,-3.0,D,I,,I,,,,,false
I6,,23,-2.0,40.5,2/4,18,5,3,5.0,D,I,,I,,6,,,false
I,,24,1.0,45.5,2/4,18,5,3,1.0,D,I,,I,,,,,false
V7,,24,2.0,46.5,2/4,18,5,3,0.5,D,I,,V,,7,,,false
I,,24,2.5,47.0,2/4,18,5,3,0.5,D,I,,I,,,,,false
V.I6,,25,1.0,47.5,2/4,18,5,3,1.0,D,V,,I,,6,,,false
V,,25,2.0,48.5,2/4,18,5,3,2.5,D,V,,V,,,,,false
viio65/V,,25,4.5,51.0,2/4,18,5,3,-1.5,D,V,,vii,o,65,,V,false
V(64),,26,1.0,49.5,2/4,18,5,3,1.0,D,V,,V,,,64,,false
V7,,26,2.0,50.5,2/4,18,5,3,1.0,D,V,,V,,7,,,false
I(742),,27,1.0,51.5,2/4,18,5,3,1.0,D,V,,I,,,742,,false
I\\,,27,2.0,52.5,2/4,18,5,3,3.0,D,V,,I,,,,,true
I.I,,29,1.0,55.5,2/4,18,5,3,1.5,D,I,,I,,,,,false
V2/IV,,29,2.5,57.0,2/4,18,5,3,0.5,D,I,,V,,2,,IV,false
IV6,,30,1.0,57.5,2/4,18,5,3,0.5,D,I,,IV,,6,,,false
iv6,,30,1.5,58.0,2/4,18,5,3,0.5,D,I,,iv,,6,,,false
I,,30,2.0,58.5,2/4,18,5,3,0.5,D,I,,I,,,,,false
iv,,30,2.5,59.0,2/4,18,5,3,0.5,D,I,,iv,,,,,false
I6,,31,1.0,59.5,2/4,18,5,3,1.0,D,I,,I,,6,,,false
vi6,,31,2.0,60.5,2/4,18,5,3,1.0,D,I,,vi,,6,,,false
IV,,32,1.0,61.5,2/4,18,5,3,1.0,D,I,,IV,,,,,false
I6,,32,2.0,62.5,2/4,18,5,3,0.5,D,I,,I,,6,,,false
iv,,32,2.5,63.0,2/4,18,5,3,0.5,D,I,,iv,,,,,false
I,,33,1.0,63.5,2/4,18,5,3,1.0,D,I,,I,,,,,false
V65,,33,2.0,64.5,2/4,18,5,3,0.5,D,I,,V,,65,,,false
I,,33,2.5,65.0,2/4,18,5,3,0.5,D,I,,I,,,,,false
V43,,34,1.0,65.5,2/4,18,5,3,-5.0,D,I,,V,,43,,,false
V65,,34,-4.0,60.5,2/4,18,5,3,7.0,D,I,,V,,65,,,false
V7,,35,1.0,67.5,2/4,18,5,3,2.0,D,I,,V,,7,,,false
I(742),,36,1.0,69.5,2/4,18,5,3,1.0,D,I,,I,,,742,,false
I\\,,36,2.0,70.5,2/4,18,5,3,3.0,D,I,,I,,,,,true
I,,38,1.0,73.5,2/4,18,5,3,2.0,D,I,,I,,,,,false
V43,,39,1.0,75.5,2/4,18,5,3,2.0,D,I,,V,,43,,,false
V65,,40,1.0,77.5,2/4,18,5,3,2.0,D,I,,V,,65,,,false
I,,41,1.0,79.5,2/4,18,5,3,2.0,D,I,,I,,,,,false
I,,42,1.0,81.5,2/4,18,5,3,1.0,D,I,,I,,,,,false
V6,,42,2.0,82.5,2/4,18,5,3,0.5,D,I,,V,,6,,,false
vi7,,42,2.4999999999999996,83.0,2/4,18,5,3,0.5,D,I,,vi,,7,,,false
V6,,43,1.0,83.5,2/4,18,5,3,1.0,D,I,,V,,6,,,false
V43/V,,43,2.0000000000000004,84.5,2/4,18,5,3,0.5,D,I,,V,,43,,V,false
V,,43,2.5,85.0,2/4,18,5,3,0.5,D,I,,V,,,,,false
V.V7,,44,1.0,85.5,2/4,18,5,3,2.0,D,V,,V,,7,,,false
I(742),,45,1.0,87.5,2/4,18,5,3,1.0,D,V,,I,,,742,,false
I\\,,45,2.0,88.5,2/4,18,5,3,3.0,D,V,,I,,,,,true
I.I,,47,1.0,91.5,2/4,18,5,3,2.0,D,I,,I,,,,,false
IV,,48,1.0,93.5,2/4,18,5,3,1.0,D,I,,IV,,,,,false
I(#4#2),,48,2.0,94.5,2/4,18,5,3,0.5,D,I,,I,,,#4#2,,false
I,,48,2.5,95.0,2/4,18,5,3,2.5,D,I,,I,,,,,false
IV,,50,1.0,97.5,2/4,18,5,3,1.0,D,I,,IV,,,,,false
I64(#4#2),,50,2.0,98.5,2/4,18,5,3,0.5,D,I,,I,,64,#4#2,,false
I64,,50,2.5,99.0,2/4,18,5,3,0.5,D,I,,I,,64,,,false
I,,51,1.0,99.5,2/4,18,5,3,2.0,D,I,,I,,,,,false
V43,,52,1.0,101.5,2/4,18,5,3,2.0,D,I,,V,,43,,,false
V65,,53,1.0,103.5,2/4,18,5,3,1.0,D,I,,V,,65,,,false
V7,,53,2.0000000000000004,104.5,2/4,18,5,3,1.0,D,I,,V,,7,,,false
I(742),,54,1.0,105.5,2/4,18,5,3,1.0,D,I,,I,,,742,,false
I\\,,54,2.0,106.5,2/4,18,5,3,3.0,D,I,,I,,,,,true
I,,56,1.0,109.5,2/4,18,5,3,1.0,D,I,,I,,,,,false
V43,,56,2.0,110.5,2/4,18,5,3,0.5,D,I,,V,,43,,,false
I6,,56,2.5,111.0,2/4,18,5,3,0.5,D,I,,I,,6,,,false
V2,,57,1.0,111.5,2/4,18,5,3,2.0,D,I,,V,,2,,,false
V7,,58,1.0,113.5,2/4,18,5,3,1.0,D,I,,V,,7,,,false
vi7,,58,2.0,114.5,2/4,18,5,3,0.5,D,I,,vi,,7,,,false
V65,,58,2.5,115.0,2/4,18,5,3,0.5,D,I,,V,,65,,,false
I,,59,1.0,115.5,2/4,18,5,3,4.0,D,I,,I,,,,,false
V,,61,1.0,119.5,2/4,18,5,3,2.0,D,I,,V,,,,,false
V7/V,,62,1.0,121.5,2/4,18,5,3,2.0,D,I,,V,,7,,V,false
V64,,63,1.0,123.5,2/4,18,5,3,0.5,D,I,,V,,64,,,false
V,,63,1.5,124.0,2/4,18,5,3,0.5,D,I,,V,,,,,false
V7\\,,63,2.0,124.5,2/4,18,5,3,1.0,D,I,,V,,7,,,true
I,,64,1.0,125.5,2/4,18,5,3,1.5,D,I,,I,,,,,false
V2/IV,,64,2.5,127.0,2/4,18,5,3,0.5,D,I,,V,,2,,IV,false
IV6,,65,1.0,127.5,2/4,18,5,3,0.5,D,I,,IV,,6,,,false
IV,,65,1.5,128.0,2/4,18,5,3,0.5,D,I,,IV,,,,,false
I,,65,2.0,128.5,2/4,18,5,3,2.5,D,I,,I,,,,,false
V2/IV,,66,2.5,131.0,2/4,18,5,3,0.5,D,I,,V,,2,,IV,false
IV6,,67,1.0,131.5,2/4,18,5,3,0.5,D,I,,IV,,6,,,false
IV,,67,1.5,132.0,2/4,18,5,3,0.5,D,I,,IV,,,,,false
I,,67,2.0,132.5,2/4,18,5,3,3.0,D,I,,I,,,,,false
V,,69,1.0,135.5,2/4,18,5,3,2.0,D,I,,V,,,,,false
V7,,70,1.0,137.5,2/4,18,5,3,2.0,D,I,,V,,7,,,false
V7,,71,1.0,139.5,2/4,18,5,3,1.0,D,I,,V,,7,,,false
I\\,,71,2.0,140.5,2/4,18,5,3,1.0,D,I,,I,,,,,true
V7,,72,1.0,141.5,2/4,18,5,3,1.0,D,I,,V,,7,,,false
I\\,,72,2.0,142.5,2/4,18,5,3,3.0,D,I,,I,,,,,true
I,,74,1.0,145.5,2/4,18,5,3,1.0,D,I,,I,,,,,false
ii6,,74,2.0,146.5,2/4,18,5,3,0.5,D,I,,ii,,6,,,false
#viio7/V,,74,2.5,147.0,2/4,18,5,3,0.5,D,I,,#vii,o,7,,V,false
V[V,,75,1.0,147.5,2/4,18,5,3,0.5,D,I,V,V,,,,,false
#viio43/V,,75,1.5,148.0,2/4,18,5,3,0.5,D,I,V,#vii,o,43,,V,false
V6,,75,2.0,148.5,2/4,18,5,3,1.0,D,I,V,V,,6,,,false
V/vi,,76,1.0,149.5,2/4,18,5,3,1.5,D,I,V,V,,,,vi,false
V7/vi,,76,2.5,151.0,2/4,18,5,3,0.5,D,I,V,V,,7,,vi,false
vi6,,77,1.0,151.5,2/4,18,5,3,1.0,D,I,V,vi,,6,,,false
vi,,77,2.0,152.5,2/4,18,5,3,2.0,D,I,V,vi,,,,,false
V65/V,,78,2.0,154.5,2/4,18,5,3,0.5,D,I,V,V,,65,,V,false
iii.#viio7,,78,2.5,155.0,2/4,18,5,3,0.5,D,iii,V,#vii,o,7,,,false
i,,79,1.0,155.5,2/4,18,5,3,0.5,D,iii,V,i,,,,,false
V7,,79,1.5,156.0,2/4,18,5,3,0.5,D,iii,V,V,,7,,,false
VI,,79,2.0,156.5,2/4,18,5,3,1.0,D,iii,V,VI,,,,,false
V(64),,80,1.0,157.5,2/4,18,5,3,0.5,D,iii,V,V,,,64,,false
V,,80,1.5,158.0,2/4,18,5,3,1.0,D,iii,V,V,,,,,false
V7,,80,2.5,159.0,2/4,18,5,3,0.5,D,iii,V,V,,7,,,false
i(42),,81,1.0,159.5,2/4,18,5,3,1.0,D,iii,V,i,,,42,,false
i\\,,81,2.0,160.5,2/4,18,5,3,3.0,D,iii,V,i,,,,,true
I.V65/IV,,83,1.0,163.5,2/4,18,5,3,1.0,D,I,V,V,,65,,IV,false
ii7,,83,2.0,164.5,2/4,18,5,3,0.5,D,I,V,ii,,7,,,false
V7/IV,,83,2.5,165.0,2/4,18,5,3,0.5,D,I,V,V,,7,,IV,false
IV,,84,1.0,165.5,2/4,18,5,3,-15.0,D,I,V,IV,,,,,false
I,,84,-14.0,150.5,2/4,18,5,3,17.0,D,I,V,I,,,,,false
V7/IV,,85,1.0,167.5,2/4,18,5,3,2.0,D,I,V,V,,7,,IV,false
IV64,,86,1.0,169.5,2/4,18,5,3,-15.0,D,I,V,IV,,64,,,false
I(4),,86,-14.0,154.5,2/4,18,5,3,0.5,D,I,V,I,,,4,,false
I,,86,-13.5,155.0,2/4,18,5,3,16.5,D,I,V,I,,,,,false
#viio2/vi,,87,1.0,171.5,2/4,18,5,3,1.5,D,I,V,#vii,o,2,,vi,false
vi64,,87,2.5,173.0,2/4,18,5,3,0.5,D,I,V,vi,,64,,,false
V65/iii,,88,1.0,173.5,2/4,18,5,3,0.5,D,I,V,V,,65,,iii,false
V7/iii,,88,1.5,174.0,2/4,18,5,3,0.5,D,I,V,V,,7,,iii,false
I,,88,2.0,174.5,2/4,18,5,3,0.5,D,I,V,I,,,,,false
#viio7/ii,,88,2.5,175.0,2/4,18,5,3,0.5,D,I,V,#vii,o,7,,ii,false
ii(74),,89,1.0,175.5,2/4,18,5,3,1.0,D,I,V,ii,,,74,,false
ii,,89,2.0,176.5,2/4,18,5,3,0.5,D,I,V,ii,,,,,false
V7,,89,2.5,177.0,2/4,18,5,3,1.5,D,I,V,V,,7,,,false
I\\,,90,2.0,178.5,2/4,18,5,3,3.0,D,I,V,I,,,,,true
I,,92,1.0,181.5,2/4,18,5,3,2.0,D,I,V,I,,,,,false
V43,,93,1.0,183.5,2/4,18,5,3,-17.0,D,I,V,V,,43,,,false
V65,,93,-16.0,166.5,2/4,18,5,3,20.0,D,I,V,V,,65,,,false
I,,94,2.0,186.5,2/4,18,5,3,0.5,D,I,V,I,,,,,false
V7,,94,2.5,187.0,2/4,18,5,3,0.5,D,I,V,V,,7,,,false
I6,,95,1.0,187.5,2/4,18,5,3,0.375,D,I,V,I,,6,,,false
V65,,95,1.375,187.875,2/4,18,5,3,0.625,D,I,V,V,,65,,,false
I,,95,2.0,188.5,2/4,18,5,3,3.0,D,I,V,I,,,,,false
V.#viio7/V,,97,1.0,191.5,2/4,18,5,3,2.0,D,V,V,#vii,o,7,,V,false
V7,,98,1.0,193.5,2/4,18,5,3,2.0,D,V,V,V,,7,,,false
I(742),,99,1.0,195.5,2/4,18,5,3,1.0,D,V,V,I,,,742,,false
I\\,,99,2.0,196.5,2/4,18,5,3,1.0,D,V,V,I,,,,,true
I(742),,100,1.0,197.5,2/4,18,5,3,1.0,D,V,V,I,,,742,,false
I\\,,100,2.0,198.5,2/4,18,5,3,1.0,D,V,V,I,,,,,true
I.I6,,101,1.0,199.5,2/4,18,5,3,-17.0,D,I,V,I,,6,,,false
V2/IV,,101,-16.0,182.5,2/4,18,5,3,19.0,D,I,V,V,,2,,IV,false
IV6,,102,1.0,201.5,2/4,18,5,3,-17.0,D,I,V,IV,,6,,,false
I6,,102,-16.0,184.5,2/4,18,5,3,20.5,D,I,V,I,,6,,,false
V2/IV,,103,2.5,205.0,2/4,18,5,3,0.5,D,I,V,V,,2,,IV,false
IV6,,104,1.0,205.5,2/4,18,5,3,1.0,D,I,V,IV,,6,,,false
I,,104,2.0,206.5,2/4,18,5,3,3.0,D,I,V,I,,,,,false
V43,,106,1.0,209.5,2/4,18,5,3,-17.0,D,I,V,V,,43,,,false
V65,,106,-16.0,192.5,2/4,18,5,3,20.375,D,I,V,V,,65,,,false
V7,,107,2.375,212.875,2/4,18,5,3,0.625,D,I,V,V,,7,,,false
I(42),,108,1.0,213.5,2/4,18,5,3,1.0,D,I,V,I,,,42,,false
I\\,,108,2.0,214.5,2/4,18,5,3,1.0,D,I,V,I,,,,,true
.bVI.I,,109,1.0,215.5,2/4,18,5,3,4.25,D,bVI,V,I,,,,,false
I,,111,1.25,219.75,2/4,18,5,3,1.5,D,bVI,V,I,,,,,false
I6,,111,2.75,221.25,2/4,18,5,3,0.25,D,bVI,V,I,,6,,,false
V7,,112,1.0,221.5,2/4,18,5,3,2.0,D,bVI,V,V,,7,,,false
I,,113,1.0,223.5,2/4,18,5,3,1.5,D,bVI,V,I,,,,,false
I6,,113,2.5,225.0,2/4,18,5,3,0.5,D,bVI,V,I,,6,,,false
V,,114,1.0,225.5,2/4,18,5,3,1.0,D,bVI,V,V,,,,,false
v,,114,2.0,226.5,2/4,18,5,3,1.0,D,bVI,V,v,,,,,false
V7/ii,,115,1.0,227.5,2/4,18,5,3,1.0,D,bVI,V,V,,7,,ii,false
ii,,115,2.0,228.5,2/4,18,5,3,1.0,D,bVI,V,ii,,,,,false
V7,,116,1.0,229.5,2/4,18,5,3,1.0,D,bVI,V,V,,7,,,false
I,,116,2.0,230.5,2/4,18,5,3,1.0,D,bVI,V,I,,,,,false
I,,117,1.0,231.5,2/4,18,5,3,1.0,D,bVI,V,I,,,,,false
I.Ger6,,117,2.0,232.5,2/4,18,5,3,1.0,D,I,V,Ger,,6,,,false
V\\,,118,1.0,233.5,2/4,18,5,3,2.0,D,I,V,V,,,,,true
I6,,119,1.0,235.5,2/4,18,5,3,1.5,D,I,V,I,,6,,,false
I,,119,2.5,237.0,2/4,18,5,3,0.5,D,I,V,I,,,,,false
V65,,120,1.0,237.5,2/4,18,5,3,1.0,D,I,V,V,,65,,,false
V7,,120,2.0,238.5,2/4,18,5,3,1.0,D,I,V,V,,7,,,false
I6,,121,1.0,239.5,2/4,18,5,3,1.5,D,I,V,I,,6,,,false
I,,121,2.5,241.0,2/4,18,5,3,0.5,D,I,V,I,,,,,false
V6,,122,1.0,241.5,2/4,18,5,3,1.0,D,I,V,V,,6,,,false
V,,122,2.0,242.5,2/4,18,5,3,1.0,D,I,V,V,,,,,false
I64,,123,1.0,243.5,2/4,18,5,3,1.0,D,I,V,I,,64,,,false
I,,123,2.0,244.5,2/4,18,5,3,0.5,D,I,V,I,,,,,false
I6,,123,2.5,245.0,2/4,18,5,3,0.5,D,I,V,I,,6,,,false
V7,,124,1.0,245.5,2/4,18,5,3,2.0,D,I,V,V,,7,,,false
I64,,125,1.0,247.5,2/4,18,5,3,1.0,D,I,V,I,,64,,,false
I,,125,2.0,248.5,2/4,18,5,3,0.5,D,I,V,I,,,,,false
I6,,125,2.5,249.0,2/4,18,5,3,0.5,D,I,V,I,,6,,,false
V,,126,1.0,249.5,2/4,18,5,3,1.0,D,I,V,V,,,,,false
v,,126,2.0,250.5,2/4,18,5,3,1.0,D,I,V,v,,,,,false
V65/ii,,127,1.0,251.5,2/4,18,5,3,1.0,D,I,V,V,,65,,ii,false
ii,,127,2.0,252.5,2/4,18,5,3,1.0,D,I,V,ii,,,,,false
V65,,128,1.0,253.5,2/4,18,5,3,1.0,D,I,V,V,,65,,,false
I,,128,2.0,254.5,2/4,18,5,3,1.0,D,I,V,I,,,,,false
IV,,129,1.0,255.5,2/4,18,5,3,2.0,D,I,V,IV,,,,,false
V7/IV,,130,1.0,257.5,2/4,18,5,3,2.0,D,I,V,V,,7,,IV,false
IV,,131,1.0,259.5,2/4,18,5,3,2.0,D,I,V,IV,,,,,false
I,,132,1.0,261.5,2/4,18,5,3,1.0,D,I,V,I,,,,,false
i6,,132,2.0,262.5,2/4,18,5,3,1.0,D,I,V,i,,6,,,false
V7/V,,133,1.0,263.5,2/4,18,5,3,1.0,D,I,V,V,,7,,V,false
v,,133,2.0,264.5,2/4,18,5,3,1.0,D,I,V,v,,,,,false
V7/IV,,134,1.0,265.5,2/4,18,5,3,1.0,D,I,V,V,,7,,IV,false
IV,,134,2.0,266.5,2/4,18,5,3,1.0,D,I,V,IV,,,,,false
V7/ii,,135,1.0,267.5,2/4,18,5,3,1.0,D,I,V,V,,7,,ii,false
ii64,,135,2.0,268.5,2/4,18,5,3,1.0,D,I,V,ii,,64,,,false
V7,,136,1.0,269.5,2/4,18,5,3,1.0,D,I,V,V,,7,,,false
I64,,136,2.0,270.5,2/4,18,5,3,1.0,D,I,V,I,,64,,,false
V9,,137,1.0,271.5,2/4,18,5,3,1.0,D,I,V,V,,9,,,false
ii,,137,2.0,272.5,2/4,18,5,3,1.0,D,I,V,ii,,,,,false
V7,,138,1.0,273.5,2/4,18,5,3,1.0,D,I,V,V,,7,,,false
I64,,138,2.0,274.5,2/4,18,5,3,1.0,D,I,V,I,,64,,,false
V7,,139,1.0,275.5,2/4,18,5,3,5.0,D,I,V,V,,7,,,false
.bVI,,141,2.0,280.5,2/4,18,5,3,1.0,D,I,V,bVI,,,,,false
V65/V,,142,1.0,281.5,2/4,18,5,3,1.0,D,I,V,V,,65,,V,false
V7,,142,2.0,282.5,2/4,18,5,3,1.0,D,I,V,V,,7,,,false
I\\,,143,1.0,283.5,2/4,18,5,3,4.0,D,I,V,I,,,,,true
V,,145,1.0,287.5,2/4,18,5,3,1.0,D,I,V,V,,,,,false
V6/V,,145,2.0,288.5,2/4,18,5,3,0.5,D,I,V,V,,6,,V,false
V2,,145,2.5,289.0,2/4,18,5,3,0.5,D,I,V,V,,2,,,false
I6,,146,1.0,289.5,2/4,18,5,3,0.5,D,I,V,I,,6,,,false
V64,,146,1.5,290.0,2/4,18,5,3,0.5,D,I,V,V,,64,,,false
I,,146,2.0,290.5,2/4,18,5,3,1.0,D,I,V,I,,,,,false
I6,,147,1.0,291.5,2/4,18,5,3,-17.0,D,I,V,I,,6,,,false
I,,147,-16.0,274.5,2/4,18,5,3,19.0,D,I,V,I,,,,,false
V65,,148,1.0,293.5,2/4,18,5,3,1.0,D,I,V,V,,65,,,false
V7,,148,2.0,294.5,2/4,18,5,3,1.0,D,I,V,V,,7,,,false
V7(6),,149,1.0,295.5,2/4,18,5,3,1.0,D,I,V,V,,7,6,,false
V,,149,2.0,296.5,2/4,18,5,3,1.0,D,I,V,V,,,,,false
V7,,150,1.0,297.5,2/4,18,5,3,2.0,D,I,V,V,,7,,,false
I\\,,151,1.0,299.5,2/4,18,5,3,2.0,D,I,V,I,,,,,true
