chord,altchord,measure,beat,totbeat,timesig,op,no,mov,length,global_key,local_key,pedal,numeral,form,figbass,changes,relativeroot,phraseend
.f.i,,1,1.0,1.0,4/4,95,11,1,2.5,f,i,,i,,,,,false
V,,1,3.5,3.5,4/4,95,11,1,1.5,f,i,,V,,,,,false
i,,2,1.0,5.0,4/4,95,11,1,4.0,f,i,,i,,,,,false
V[V6,,3,1.0,9.0,4/4,95,11,1,2.0,f,i,V,V,,6,,,false
i,,3,3.0,11.0,4/4,95,11,1,2.0,f,i,V,i,,,,,false
V6],,4,1.0,13.0,4/4,95,11,1,1.0,f,i,V,V,,6,,,false
i,,4,2.0,14.0,4/4,95,11,1,1.0,f,i,,i,,,,,false
V,,4,3.0,15.0,4/4,95,11,1,1.0,f,i,,V,,,,,false
i,,4,4.0,16.0,4/4,95,11,1,1.0,f,i,,i,,,,,false
V,,5,1.0,17.0,4/4,95,11,1,4.0,f,i,,V,,,,,false
.bII,,6,1.0,21.0,4/4,95,11,1,8.0,f,i,,bII,,,,,false
#viio2/V,,8,1.0,29.0,4/4,95,11,1,4.0,f,i,,#vii,o,2,,V,false
V43(2),,9,1.0,33.0,4/4,95,11,1,2.0,f,i,,V,,43,2,,false
V43,,9,3.0,35.0,4/4,95,11,1,2.0,f,i,,V,,43,,,false
V7,,10,1.0,37.0,4/4,95,11,1,4.0,f,i,,V,,7,,,false
V7(94),,11,1.0,41.0,4/4,95,11,1,2.0,f,i,,V,,7,94,,false
V7(9),,11,3.0,43.0,4/4,95,11,1,6.0,f,i,,V,,7,9,,false
V7,,13,1.0,49.0,4/4,95,11,1,4.0,f,i,,V,,7,,,false
i,,14,1.0,53.0,4/4,95,11,1,2.0,f,i,,i,,,,,false
vii%65,,14,3.0,55.0,4/4,95,11,1,1.0,f,i,,vii,%,65,,,false
i,,14,4.0,56.0,4/4,95,11,1,1.0,f,i,,i,,,,,false
V,,15,1.0,57.0,4/4,95,11,1,4.0,f,i,,V,,,,,false
VI,,16,1.0,61.0,4/4,95,11,1,2.0,f,i,,VI,,,,,false
VI(#4),,16,3.0,63.0,4/4,95,11,1,1.0,f,i,,VI,,,#4,,false
VI,,16,4.0,64.0,4/4,95,11,1,1.0,f,i,,VI,,,,,false
V/V,,17,1.0,65.0,4/4,95,11,1,1.0,f,i,,V,,,,V,false
V7/V,,17,2.0,66.0,4/4,95,11,1,1.0,f,i,,V,,7,,V,false
V,,17,3.0,67.0,4/4,95,11,1,2.0,f,i,,V,,,,,false
i\\,,18,1.0,69.0,4/4,95,11,1,1.0,f,i,,i,,,,,true
i,,18,2.0,70.0,4/4,95,11,1,1.5,f,i,,i,,,,,false
V,,18,3.5,71.5,4/4,95,11,1,1.5,f,i,,V,,,,,false
i,,19,1.0,73.0,4/4,95,11,1,2.0,f,i,,i,,,,,false
.bII,,19,3.0,75.0,4/4,95,11,1,2.0,f,i,,bII,,,,,false
@none,,20,1.0,77.0,4/4,95,11,1,4.0,f,i,,,,,,,false
V,,21,1.0,81.0,4/4,95,11,1,0.5,f,i,,V,,,,,false
V6/VI,,21,1.5,81.5,4/4,95,11,1,1.5,f,i,,V,,6,,VI,false
VI.V,,21,3.0,83.0,4/4,95,11,1,1.0,f,VI,,V,,,,,false
viio,,21,4.0,84.0,4/4,95,11,1,1.0,f,VI,,vii,o,,,,false
I,,22,1.0,85.0,4/4,95,11,1,1.0,f,VI,,I,,,,,false
ii7,,22,2.0,86.0,4/4,95,11,1,0.5,f,VI,,ii,,7,,,false
I6,,22,2.5,86.5,4/4,95,11,1,0.5,f,VI,,I,,6,,,false
IV,,22,3.0,87.0,4/4,95,11,1,1.0,f,VI,,IV,,,,,false
ii65,,22,4.0,88.0,4/4,95,11,1,2.0,f,VI,,ii,,65,,,false
V(4),,23,2.0,90.0,4/4,95,11,1,1.0,f,VI,,V,,,4,,false
.Fr6,,23,3.0,91.0,4/4,95,11,1,1.0,f,VI,,Fr,,6,,,false
V,,23,4.0,92.0,4/4,95,11,1,1.0,f,VI,,V,,,,,false
I64,,24,1.0,93.0,4/4,95,11,1,4.0,f,VI,,I,,64,,,false
V43,,25,1.0,97.0,4/4,95,11,1,3.0,f,VI,,V,,43,,,false
V65,,25,4.0,100.0,4/4,95,11,1,1.0,f,VI,,V,,65,,,false
I,,26,1.0,101.0,4/4,95,11,1,4.0,f,VI,,I,,,,,false
V43,,27,1.0,105.0,4/4,95,11,1,4.0,f,VI,,V,,43,,,false
I6,,28,1.0,109.0,4/4,95,11,1,4.0,f,VI,,I,,6,,,false
V2,,29,1.0,113.0,4/4,95,11,1,3.0,f,VI,,V,,2,,,false
V65,,29,4.0,116.0,4/4,95,11,1,1.0,f,VI,,V,,65,,,false
I,,30,1.0,117.0,4/4,95,11,1,2.0,f,VI,,I,,,,,false
I6,,30,3.0,119.0,4/4,95,11,1,2.0,f,VI,,I,,6,,,false
IV(9),,31,1.0,121.0,4/4,95,11,1,1.3333333333333286,f,VI,,IV,,,9,,false
IV,,31,2.3333333333333335,122.33333333333333,4/4,95,11,1,0.6666666666666714,f,VI,,IV,,,,,false
ii6(2),,31,3.0000000000000004,123.0,4/4,95,11,1,0.3333333333333286,f,VI,,ii,,6,2,,false
ii6,,31,3.333333333333334,123.33333333333333,4/4,95,11,1,0.6666666666666714,f,VI,,ii,,6,,,false
IV,,31,4.000000000000001,124.0,4/4,95,11,1,1.0,f,VI,,IV,,,,,false
V,,32,1.0,125.0,4/4,95,11,1,1.6666666666666714,f,VI,,V,,,,,false
V7,,32,2.6666666666666665,126.66666666666667,4/4,95,11,1,0.3333333333333286,f,VI,,V,,7,,,false
viio7/vi,,32,3.0,127.0,4/4,95,11,1,2.0,f,VI,,vii,o,7,,vi,false
vi(9),,33,1.0,129.0,4/4,95,11,1,0.3333333333333428,f,VI,,vi,,,9,,false
vi,,33,1.3333333333333333,129.33333333333334,4/4,95,11,1,1.3333333333333144,f,VI,,vi,,,,,false
viio7/iii,,33,2.6666666666666665,130.66666666666666,4/4,95,11,1,0.3333333333333428,f,VI,,vii,o,7,,iii,false
iv,,33,3.0,131.0,4/4,95,11,1,1.3333333333333428,f,VI,,iv,,,,,false
V6,,33,4.333333333333333,132.33333333333334,4/4,95,11,1,0.3333333333333144,f,VI,,V,,6,,,false
viio7/iii,,33,4.666666666666666,132.66666666666666,4/4,95,11,1,0.3333333333333428,f,VI,,vii,o,7,,iii,false
V6(9),,34,1.0,133.0,4/4,95,11,1,0.3333333333333428,f,VI,,V,,6,9,,false
V6,,34,1.3333333333333333,133.33333333333334,4/4,95,11,1,0.3333333333333144,f,VI,,V,,6,,,false
V65,,34,1.6666666666666665,133.66666666666666,4/4,95,11,1,14.333333333333343,f,VI,,V,,65,,,false
V,,37,4.0,148.0,4/4,95,11,1,1.0,f,VI,,V,,,,,false
V/#i,,38,1.0,149.0,4/4,95,11,1,5.0,f,VI,,V,,,,#i,false
#i,,39,2.0,154.0,4/4,95,11,1,4.0,f,VI,,#i,,,,,false
ii6,,40,2.0,158.0,4/4,95,11,1,5.0,f,VI,,ii,,6,,,false
I+,,41,3.0,163.0,4/4,95,11,1,1.0,f,VI,,I,+,,,,false
V7,,41,4.0,164.0,4/4,95,11,1,1.0,f,VI,,V,,7,,,false
vi,,42,1.0,165.0,4/4,95,11,1,2.0,f,VI,,vi,,,,,false
I+,,42,3.0,167.0,4/4,95,11,1,1.0,f,VI,,I,+,,,,false
V7,,42,4.0,168.0,4/4,95,11,1,1.0,f,VI,,V,,7,,,false
I[I6,,43,1.0,169.0,4/4,95,11,1,4.0,f,VI,I,I,,6,,,false
V43,,44,1.0,173.0,4/4,95,11,1,4.0,f,VI,I,V,,43,,,false
I6,,45,1.0,177.0,4/4,95,11,1,4.0,f,VI,I,I,,6,,,false
V43,,46,1.0,181.0,4/4,95,11,1,4.0,f,VI,I,V,,43,,,false
I6,,47,1.0,185.0,4/4,95,11,1,7.666666666666657,f,VI,I,I,,6,,,false
I],,48,4.666666666666666,192.66666666666666,4/4,95,11,1,0.3333333333333428,f,VI,I,I,,,,,false
#viio/ii,,49,1.0,193.0,4/4,95,11,1,4.0,f,VI,,#vii,o,,,ii,false
#viio/ii\\,,50,1.0,197.0,4/4,95,11,1,5.0,f,VI,,#vii,o,,,ii,true
ii6,,51,2.0,202.0,4/4,95,11,1,5.0,f,VI,,ii,,6,,,false
I+,,52,3.0,207.0,4/4,95,11,1,1.0,f,VI,,I,+,,,,false
V7,,52,4.0,208.0,4/4,95,11,1,1.0,f,VI,,V,,7,,,false
vi,,53,1.0,209.0,4/4,95,11,1,2.0,f,VI,,vi,,,,,false
I+,,53,3.0,211.0,4/4,95,11,1,1.0,f,VI,,I,+,,,,false
V7,,53,4.0,212.0,4/4,95,11,1,1.0,f,VI,,V,,7,,,false
I[I6,,54,1.0,213.0,4/4,95,11,1,4.0,f,VI,I,I,,6,,,false
V43,,55,1.0,217.0,4/4,95,11,1,4.0,f,VI,I,V,,43,,,false
I6,,56,1.0,221.0,4/4,95,11,1,4.0,f,VI,I,I,,6,,,false
V43,,57,1.0,225.0,4/4,95,11,1,4.0,f,VI,I,V,,43,,,false
I6],,58,1.0,229.0,4/4,95,11,1,2.0,f,VI,I,I,,6,,,false
V,,58,3.0,231.0,4/4,95,11,1,2.0,f,VI,,V,,,,,false
I,,59,1.0,233.0,4/4,95,11,1,2.0,f,VI,,I,,,,,false
V,,59,3.0,235.0,4/4,95,11,1,2.0,f,VI,,V,,,,,false
i.V/iv,,60,1.0,237.0,4/4,95,11,1,8.0,f,i,,V,,,,iv,false
#viio43/vi,,62,1.0,245.0,4/4,95,11,1,8.0,f,i,,#vii,o,43,,vi,false
#viio43,,64,1.0,253.0,4/4,95,11,1,8.0,f,i,,#vii,o,43,,,false
#viio,,66,1.0,261.0,4/4,95,11,1,4.0,f,i,,#vii,o,,,,false
i,,67,1.0,265.0,4/4,95,11,1,2.0,f,i,,i,,,,,false
.Ger6/iv,,67,3.0,267.0,4/4,95,11,1,2.0,f,i,,Ger,,6,,iv,false
iio,,68,1.0,269.0,4/4,95,11,1,4.0,f,i,,ii,o,,,,false
III,,69,1.0,273.0,4/4,95,11,1,2.0,f,i,,III,,,,,false
iv,,69,3.0,275.0,4/4,95,11,1,2.0,f,i,,iv,,,,,false
#viio7/V,,70,1.0,277.0,4/4,95,11,1,12.0,f,i,,#vii,o,7,,V,false
V43/V,,73,1.0,289.0,4/4,95,11,1,4.0,f,i,,V,,43,,V,false
V7(+9),,74,1.0,293.0,4/4,95,11,1,4.0,f,i,,V,,7,+9,,false
iv,,75,1.0,297.0,4/4,95,11,1,2.0,f,i,,iv,,,,,false
#viio43,,75,3.0,299.0,4/4,95,11,1,2.0,f,i,,#vii,o,43,,,false
i6,,76,1.0,301.0,4/4,95,11,1,2.0,f,i,,i,,6,,,false
i,,76,3.0,303.0,4/4,95,11,1,2.0,f,i,,i,,,,,false
V,,77,1.0,305.0,4/4,95,11,1,4.0,f,i,,V,,,,,false
i(6),,78,1.0,309.0,4/4,95,11,1,2.0,f,i,,i,,,6,,false
i(#6#4),,78,3.0,311.0,4/4,95,11,1,1.0,f,i,,i,,,#6#4,,false
V,,78,4.0,312.0,4/4,95,11,1,5.0,f,i,,V,,,,,false
i(6),,80,1.0,317.0,4/4,95,11,1,2.0,f,i,,i,,,6,,false
i(#6#4),,80,3.0,319.0,4/4,95,11,1,1.0,f,i,,i,,,#6#4,,false
V,,80,4.0,320.0,4/4,95,11,1,1.0,f,i,,V,,,,,false
VI7,,81,1.0,321.0,4/4,95,11,1,2.0,f,i,,VI,,7,,,false
V65,,81,3.0,323.0,4/4,95,11,1,2.0,f,i,,V,,65,,,false
i,,82,1.0,325.0,4/4,95,11,1,2.5,f,i,,i,,,,,false
V,,82,3.5,327.5,4/4,95,11,1,1.5,f,i,,V,,,,,false
i,,83,1.0,329.0,4/4,95,11,1,6.0,f,i,,i,,,,,false
.bII,,84,3.0,335.0,4/4,95,11,1,2.0,f,i,,bII,,,,,false
@none,,85,1.0,337.0,4/4,95,11,1,4.0,f,i,,,,,,,false
V,,86,1.0,341.0,4/4,95,11,1,0.5,f,i,,V,,,,,false
V6/VI,,86,1.5,341.5,4/4,95,11,1,1.5,f,i,,V,,6,,VI,false
VI.V,,86,3.0,343.0,4/4,95,11,1,1.0,f,VI,,V,,,,,false
viio,,86,4.0,344.0,4/4,95,11,1,1.0,f,VI,,vii,o,,,,false
I,,87,1.0,345.0,4/4,95,11,1,1.0,f,VI,,I,,,,,false
ii7,,87,2.0,346.0,4/4,95,11,1,0.5,f,VI,,ii,,7,,,false
I6,,87,2.5,346.5,4/4,95,11,1,0.5,f,VI,,I,,6,,,false
IV,,87,3.0,347.0,4/4,95,11,1,1.0,f,VI,,IV,,,,,false
ii65,,87,4.0,348.0,4/4,95,11,1,2.0,f,VI,,ii,,65,,,false
V(4),,88,2.0,350.0,4/4,95,11,1,1.0,f,VI,,V,,,4,,false
.Fr,,88,3.0,351.0,4/4,95,11,1,1.0,f,VI,,Fr,,,,,false
V,,88,4.0,352.0,4/4,95,11,1,1.0,f,VI,,V,,,,,false
I64,,89,1.0,353.0,4/4,95,11,1,4.0,f,VI,,I,,64,,,false
V43,,90,1.0,357.0,4/4,95,11,1,3.0,f,VI,,V,,43,,,false
V65,,90,4.0,360.0,4/4,95,11,1,1.0,f,VI,,V,,65,,,false
I,,91,1.0,361.0,4/4,95,11,1,4.0,f,VI,,I,,,,,false
iii7,,92,1.0,365.0,4/4,95,11,1,1.0,f,VI,,iii,,7,,,false
V7/vi,,92,2.0,366.0,4/4,95,11,1,1.0,f,VI,,V,,7,,vi,false
vi,,92,3.0,367.0,4/4,95,11,1,1.0,f,VI,,vi,,,,,false
I.V65,,92,4.0,368.0,4/4,95,11,1,1.0,f,I,,V,,65,,,false
I[I,,93,1.0,369.0,4/4,95,11,1,4.0,f,I,I,I,,,,,false
V65,,94,1.0,373.0,4/4,95,11,1,4.0,f,I,I,V,,65,,,false
I,,95,1.0,377.0,4/4,95,11,1,4.0,f,I,I,I,,,,,false
V43,,96,1.0,381.0,4/4,95,11,1,4.0,f,I,I,V,,43,,,false
I,,97,1.0,385.0,4/4,95,11,1,4.0,f,I,I,I,,,,,false
V65],,98,1.0,389.0,4/4,95,11,1,4.0,f,I,I,V,,65,,,false
I,,99,1.0,393.0,4/4,95,11,1,4.0,f,I,,I,,,,,false
IV(9),,100,1.0,397.0,4/4,95,11,1,1.3333333333333144,f,I,,IV,,,9,,false
IV,,100,2.3333333333333335,398.3333333333333,4/4,95,11,1,2.6666666666666856,f,I,,IV,,,,,false
V7,,101,1.0,401.0,4/4,95,11,1,2.0,f,I,,V,,7,,,false
#viio2,,101,3.0,403.0,4/4,95,11,1,2.0,f,I,,#vii,o,2,,,false
vi(4),,102,1.0,405.0,4/4,95,11,1,4.0,f,I,,vi,,,4,,false
vii,,103,1.0,409.0,4/4,95,11,1,0.5,f,I,,vii,,,,,false
viio,,103,1.5,409.5,4/4,95,11,1,0.5,f,I,,vii,o,,,,false
V7,,103,2.0,410.0,4/4,95,11,1,15.0,f,I,,V,,7,,,false
V/ii,,107,1.0,425.0,4/4,95,11,1,5.0,f,I,,V,,,,ii,false
ii,,108,2.0,430.0,4/4,95,11,1,3.0,f,I,,ii,,,,,false
V6/ii,,109,1.0,433.0,4/4,95,11,1,1.0,f,I,,V,,6,,ii,false
ii6,,109,2.0,434.0,4/4,95,11,1,4.0,f,I,,ii,,6,,,false
V(64b9),,110,2.0,438.0,4/4,95,11,1,1.0,f,I,,V,,,64b9,,false
V(64),,110,3.0,439.0,4/4,95,11,1,1.0,f,I,,V,,,64,,false
V7,,110,4.0,440.0,4/4,95,11,1,2.0,f,I,,V,,7,,,false
V(64b9),,111,2.0,442.0,4/4,95,11,1,1.0,f,I,,V,,,64b9,,false
V(64),,111,3.0,443.0,4/4,95,11,1,1.0,f,I,,V,,,64,,false
V7,,111,4.0,444.0,4/4,95,11,1,1.0,f,I,,V,,7,,,false
I[I,,112,1.0,445.0,4/4,95,11,1,4.0,f,I,I,I,,,,,false
V43,,113,1.0,449.0,4/4,95,11,1,4.0,f,I,I,V,,43,,,false
I,,114,1.0,453.0,4/4,95,11,1,4.0,f,I,I,I,,,,,false
V43,,115,1.0,457.0,4/4,95,11,1,4.0,f,I,I,V,,43,,,false
I,,116,1.0,461.0,4/4,95,11,1,6.0,f,I,I,I,,,,,false
I],,117,3.0,467.0,4/4,95,11,1,1.0,f,I,I,I,,,,,false
.bII,,117,4.0,468.0,4/4,95,11,1,1.0,f,I,,bII,,,,,false
II,,118,1.0,469.0,4/4,95,11,1,8.0,f,I,,II,,,,,false
V6/ii,,120,1.0,477.0,4/4,95,11,1,1.0,f,I,,V,,6,,ii,false
ii6,,120,2.0,478.0,4/4,95,11,1,4.0,f,I,,ii,,6,,,false
V(64b9),,121,2.0,482.0,4/4,95,11,1,1.0,f,I,,V,,,64b9,,false
V(64),,121,3.0,483.0,4/4,95,11,1,1.0,f,I,,V,,,64,,false
V7,,121,4.0,484.0,4/4,95,11,1,2.0,f,I,,V,,7,,,false
V(64b9),,122,2.0,486.0,4/4,95,11,1,1.0,f,I,,V,,,64b9,,false
V(64),,122,3.0,487.0,4/4,95,11,1,1.0,f,I,,V,,,64,,false
V7,,122,4.0,488.0,4/4,95,11,1,1.0,f,I,,V,,7,,,false
I[I,,123,1.0,489.0,4/4,95,11,1,4.0,f,I,I,I,,,,,false
V43,,124,1.0,493.0,4/4,95,11,1,4.0,f,I,I,V,,43,,,false
I,,125,1.0,497.0,4/4,95,11,1,4.0,f,I,I,I,,,,,false
V43,,126,1.0,501.0,4/4,95,11,1,4.0,f,I,I,V,,43,,,false
I],,127,1.0,505.0,4/4,95,11,1,2.0,f,I,I,I,,,,,false
V,,127,3.0,507.0,4/4,95,11,1,2.0,f,I,,V,,,,,false
I,,128,1.0,509.0,4/4,95,11,1,2.0,f,I,,I,,,,,false
V,,128,3.0,511.0,4/4,95,11,1,2.0,f,I,,V,,,,,false
.i.VI,,129,1.0,513.0,4/4,95,11,1,10.0,f,i,,VI,,,,,false
VI6,,131,3.0,523.0,4/4,95,11,1,2.0,f,i,,VI,,6,,,false
VI64,,132,1.0,525.0,4/4,95,11,1,4.0,f,i,,VI,,64,,,false
#viio7/V,,133,1.0,529.0,4/4,95,11,1,4.0,f,i,,#vii,o,7,,V,false
V7/V,,134,1.0,533.0,4/4,95,11,1,3.0,f,i,,V,,7,,V,false
V,,134,4.0,536.0,4/4,95,11,1,3.0,f,i,,V,,,,,false
#viio65/iv,,135,3.0,539.0,4/4,95,11,1,4.0,f,i,,#vii,o,65,,iv,false
iio65,,136,3.0,543.0,4/4,95,11,1,4.0,f,i,,ii,o,65,,,false
V(64),,137,3.0,547.0,4/4,95,11,1,1.0,f,i,,V,,,64,,false
V,,137,4.0,548.0,4/4,95,11,1,1.0,f,i,,V,,,,,false
i[i,,138,1.0,549.0,4/4,95,11,1,2.0,f,i,i,i,,,,,false
V7(+9)/iv,,138,3.0,551.0,4/4,95,11,1,2.0,f,i,i,V,,7,+9,iv,false
iv,,139,1.0,553.0,4/4,95,11,1,2.0,f,i,i,iv,,,,,false
#vii43,,139,3.0,555.0,4/4,95,11,1,2.0,f,i,i,#vii,,43,,,false
i(94),,140,1.0,557.0,4/4,95,11,1,0.5,f,i,i,i,,,94,,false
i,,140,1.5,557.5,4/4,95,11,1,2.0,f,i,i,i,,,,,false
i(9#7),,140,3.5,559.5,4/4,95,11,1,1.0,f,i,i,i,,,9#7,,false
i,,140,4.5,560.5,4/4,95,11,1,1.0,f,i,i,i,,,,,false
i(9),,141,1.5,561.5,4/4,95,11,1,1.0,f,i,i,i,,,9,,false
i,,141,2.5,562.5,4/4,95,11,1,0.5,f,i,i,i,,,,,false
V6,,141,3.0,563.0,4/4,95,11,1,2.0,f,i,i,V,,6,,,false
i(94),,142,1.0,565.0,4/4,95,11,1,1.5,f,i,i,i,,,94,,false
i,,142,2.5,566.5,4/4,95,11,1,1.0,f,i,i,i,,,,,false
i(9#7),,142,3.5,567.5,4/4,95,11,1,1.0,f,i,i,i,,,9#7,,false
i,,142,4.5,568.5,4/4,95,11,1,1.0,f,i,i,i,,,,,false
i(94),,143,1.5,569.5,4/4,95,11,1,1.0,f,i,i,i,,,94,,false
i,,143,2.5,570.5,4/4,95,11,1,0.5,f,i,i,i,,,,,false
#viio7,,143,3.0,571.0,4/4,95,11,1,2.0,f,i,i,#vii,o,7,,,false
i],,144,1.0,573.0,4/4,95,11,1,1.0,f,i,i,i,,,,,false
i,,144,2.0,574.0,4/4,95,11,1,10.0,f,i,,i,,,,,false
V,,146,4.0,584.0,4/4,95,11,1,1.0,f,i,,V,,,,,false
i64,,147,1.0,585.0,4/4,95,11,1,1.0,f,i,,i,,64,,,false
i6,,147,2.0,586.0,4/4,95,11,1,3.0,f,i,,i,,6,,,false
i\\,,148,1.0,589.0,4/4,95,11,1,2.0,f,i,,i,,,,,true
VI,,148,3.0,591.0,4/4,95,11,1,1.0,f,i,,VI,,,,,false
V7,,148,4.0,592.0,4/4,95,11,1,1.0,f,i,,V,,7,,,false
i,,149,1.0,593.0,4/4,95,11,1,2.0,f,i,,i,,,,,false
VI,,149,3.0,595.0,4/4,95,11,1,1.0,f,i,,VI,,,,,false
V7,,149,4.0,596.0,4/4,95,11,1,2.0,f,i,,V,,7,,,false
V7(2),,150,2.0,598.0,4/4,95,11,1,1.0,f,i,,V,,7,2,,false
V7,,150,3.0,599.0,4/4,95,11,1,2.0,f,i,,V,,7,,,false
i\\,,151,1.0,601.0,4/4,95,11,1,4.0,f,i,,i,,,,,true
