chord,altchord,measure,beat,totbeat,timesig,op,no,mov,length,global_key,local_key,pedal,numeral,form,figbass,changes,relativeroot,phraseend
.b.i,,1,2.0,2.0,4/4,131,14,3,1.0,b,i,,i,,,,,false
V6,,1,3.0,3.0,4/4,131,14,3,2.5,b,i,,V,,6,,,false
V,,1,1.5,5.5,4/4,131,14,3,1.5,b,i,,V,,,,,false
V65,,1,3.0,7.0,4/4,131,14,3,2.0,b,i,,V,,65,,,false
iio,,2,1.0,9.0,4/4,131,14,3,2.0,b,i,,ii,o,,,,false
iio65,,2,3.0,11.0,4/4,131,14,3,2.0,b,i,,ii,o,65,,,false
i6,,3,1.0,13.0,4/4,131,14,3,1.0,b,i,,i,,6,,,false
i,,3,2.0,14.0,4/4,131,14,3,1.0,b,i,,i,,,,,false
i\\,,3,3.0,15.0,4/4,131,14,3,1.0,b,i,,i,,,,,true
V6,,3,4.0,16.0,4/4,131,14,3,1.0,b,i,,V,,6,,,false
i,,4,1.0,17.0,4/4,131,14,3,2.0,b,i,,i,,,,,false
V,,4,3.0,19.0,4/4,131,14,3,2.0,b,i,,V,,,,,false
i6,,5,1.0,21.0,4/4,131,14,3,2.0,b,i,,i,,6,,,false
#vio65,,5,3.0,23.0,4/4,131,14,3,2.0,b,i,,#vi,o,65,,,false
V,,6,1.0,25.0,4/4,131,14,3,1.0,b,i,,V,,,,,false
V65,,6,2.0,26.0,4/4,131,14,3,1.0,b,i,,V,,65,,,false
i\\,,6,3.0,27.0,4/4,131,14,3,1.0,b,i,,i,,,,,true
VII.ii65,,6,4.0,28.0,4/4,131,14,3,1.0,b,VII,,ii,,65,,,false
V7(4),,7,1.0,29.0,4/4,131,14,3,0.5,b,VII,,V,,7,4,,false
V7,,7,1.5,29.5,4/4,131,14,3,1.5,b,VII,,V,,7,,,false
V43,,7,3.0,31.0,4/4,131,14,3,4.5,b,VII,,V,,43,,,false
V2,,8,3.5,35.5,4/4,131,14,3,0.5,b,VII,,V,,2,,,false
I6,,8,4.0,36.0,4/4,131,14,3,1.0,b,VII,,I,,6,,,false
IV,,9,1.0,37.0,4/4,131,14,3,0.5,b,VII,,IV,,,,,false
V65/V,,9,1.5,37.5,4/4,131,14,3,2.0,b,VII,,V,,65,,V,false
V(64),,9,3.5,39.5,4/4,131,14,3,0.5,b,VII,,V,,,64,,false
V7,,9,4.0,40.0,4/4,131,14,3,1.0,b,VII,,V,,7,,,false
V7/IV,,10,1.0,41.0,4/4,131,14,3,1.0,b,VII,,V,,7,,IV,false
iiio2,,10,2.0,42.0,4/4,131,14,3,2.0,b,VII,,iii,o,2,,,false
I,,10,4.0,44.0,4/4,131,14,3,1.0,b,VII,,I,,,,,false
